[gd_scene load_steps=42 format=2]

[ext_resource path="res://entities/chimera/black_dog/DogTexture.material" type="Material" id=1]
[ext_resource path="res://components/AIController.gd" type="Script" id=2]
[ext_resource path="res://components/AI/AINav.gd" type="Script" id=3]
[ext_resource path="res://components/AI/AIDebug.gd" type="Script" id=4]
[ext_resource path="res://components/AI/AIMovementAnimator.gd" type="Script" id=5]
[ext_resource path="res://components/AI/AIPatrolPath.gd" type="Script" id=6]

[sub_resource type="ArrayMesh" id=1]
resource_name = "Body"
surfaces/0 = {
"aabb": AABB( -0.239783, 0.227824, -0.335959, 0.433754, 0.597448, 1.23365 ),
"array_data": PoolByteArray( 234, 37, 238, 61, 77, 249, 245, 62, 197, 49, 101, 190, 106, 202, 213, 0, 35, 231, 119, 129, 246, 48, 122, 51, 4, 0, 0, 0, 255, 255, 0, 0, 0, 0, 0, 0, 54, 165, 187, 188, 188, 123, 219, 62, 205, 2, 172, 190, 0, 182, 153, 0, 70, 171, 61, 129, 18, 48, 69, 52, 4, 0, 0, 0, 255, 255, 0, 0, 0, 0, 0, 0, 54, 165, 187, 188, 10, 69, 83, 63, 238, 173, 132, 190, 0, 101, 180, 0, 84, 57, 75, 129, 243, 46, 65, 48, 4, 0, 0, 0, 255, 255, 0, 0, 0, 0, 0, 0, 234, 37, 238, 61, 238, 80, 59, 63, 73, 90, 51, 190, 110, 53, 222, 0, 43, 241, 118, 129, 234, 48, 43, 49, 4, 0, 0, 0, 255, 255, 0, 0, 0, 0, 0, 0, 97, 160, 70, 62, 113, 161, 153, 62, 48, 153, 29, 63, 108, 191, 6, 0, 250, 1, 126, 129, 90, 54, 121, 51, 4, 0, 0, 0, 255, 255, 0, 0, 0, 0, 0, 0, 65, 49, 76, 61, 40, 84, 149, 62, 104, 112, 231, 62, 84, 169, 220, 0, 26, 231, 121, 129, 163, 53, 219, 51, 4, 0, 0, 0, 255, 255, 0, 0, 0, 0, 0, 0, 222, 223, 227, 61, 30, 178, 33, 63, 204, 147, 4, 63, 100, 76, 246, 0, 31, 233, 120, 129, 155, 53, 188, 48, 4, 0, 0, 0, 255, 255, 0, 0, 0, 0, 0, 0, 97, 160, 70, 62, 124, 250, 26, 63, 184, 170, 66, 63, 105, 51, 47, 0, 214, 235, 117, 129, 179, 54, 129, 48, 4, 0, 0, 0, 255, 255, 0, 0, 0, 0, 0, 0, 54, 165, 187, 188, 199, 74, 105, 62, 97, 171, 54, 63, 0, 148, 66, 0, 210, 61, 100, 129, 238, 54, 161, 52, 4, 0, 0, 0, 255, 255, 0, 0, 0, 0, 0, 0, 54, 165, 187, 188, 184, 48, 138, 62, 22, 72, 229, 62, 0, 134, 225, 0, 1, 225, 122, 129, 157, 53, 204, 52, 4, 0, 0, 0, 255, 255, 0, 0, 0, 0, 0, 0, 54, 165, 187, 188, 171, 45, 214, 62, 173, 153, 136, 60, 0, 132, 234, 0, 248, 234, 124, 129, 199, 50, 87, 52, 4, 0, 0, 0, 255, 255, 0, 0, 0, 0, 0, 0, 250, 96, 183, 60, 176, 141, 226, 62, 230, 243, 174, 60, 95, 173, 247, 0, 243, 227, 122, 129, 50, 51, 88, 51, 4, 0, 0, 0, 255, 255, 0, 0, 0, 0, 0, 0, 108, 125, 249, 61, 96, 6, 58, 63, 176, 119, 156, 61, 110, 60, 14, 0, 1, 225, 122, 129, 36, 51, 188, 48, 4, 0, 0, 0, 255, 255, 0, 0, 0, 0, 0, 0, 54, 165, 187, 188, 33, 253, 45, 63, 94, 245, 6, 63, 0, 125, 20, 0, 4, 236, 125, 129, 166, 53, 231, 46, 4, 0, 0, 0, 255, 255, 0, 0, 0, 0, 0, 0, 54, 165, 187, 188, 99, 81, 70, 63, 62, 132, 175, 61, 0, 125, 19, 0, 21, 237, 123, 129, 71, 51, 191, 47, 4, 0, 0, 0, 255, 255, 0, 0, 0, 0, 0, 0, 54, 165, 187, 188, 132, 169, 29, 63, 207, 206, 101, 63, 0, 51, 116, 0, 147, 197, 26, 129, 210, 55, 218, 47, 4, 0, 0, 0, 255, 255, 0, 0, 0, 0, 0, 0, 54, 165, 187, 188, 10, 69, 83, 63, 238, 173, 132, 190, 0, 101, 180, 0, 172, 57, 75, 127, 243, 46, 65, 48, 4, 0, 0, 0, 255, 255, 0, 0, 0, 0, 0, 0, 54, 165, 187, 188, 188, 123, 219, 62, 205, 2, 172, 190, 0, 182, 153, 0, 186, 171, 61, 127, 18, 48, 69, 52, 4, 0, 0, 0, 255, 255, 0, 0, 0, 0, 0, 0, 67, 252, 37, 190, 77, 249, 245, 62, 197, 49, 101, 190, 150, 202, 213, 0, 221, 231, 119, 127, 246, 48, 122, 51, 4, 0, 0, 0, 255, 255, 0, 0, 0, 0, 0, 0, 67, 252, 37, 190, 238, 80, 59, 63, 73, 90, 51, 190, 146, 53, 222, 0, 213, 241, 118, 127, 234, 48, 43, 49, 4, 0, 0, 0, 255, 255, 0, 0, 0, 0, 0, 0, 61, 217, 32, 190, 30, 178, 33, 63, 204, 147, 4, 63, 156, 76, 246, 0, 225, 233, 120, 127, 155, 53, 188, 48, 4, 0, 0, 0, 255, 255, 0, 0, 0, 0, 0, 0, 60, 235, 195, 189, 40, 84, 149, 62, 104, 112, 231, 62, 172, 169, 220, 0, 230, 231, 121, 127, 163, 53, 219, 51, 4, 0, 0, 0, 255, 255, 0, 0, 0, 0, 0, 0, 175, 137, 117, 190, 113, 161, 153, 62, 48, 153, 29, 63, 148, 191, 6, 0, 6, 1, 126, 127, 90, 54, 121, 51, 4, 0, 0, 0, 255, 255, 0, 0, 0, 0, 0, 0, 175, 137, 117, 190, 124, 250, 26, 63, 184, 170, 66, 63, 151, 51, 47, 0, 42, 235, 117, 127, 179, 54, 129, 48, 4, 0, 0, 0, 255, 255, 0, 0, 0, 0, 0, 0, 54, 165, 187, 188, 184, 48, 138, 62, 22, 72, 229, 62, 0, 134, 225, 0, 255, 225, 122, 127, 157, 53, 204, 52, 4, 0, 0, 0, 255, 255, 0, 0, 0, 0, 0, 0, 54, 165, 187, 188, 199, 74, 105, 62, 97, 171, 54, 63, 0, 148, 66, 0, 46, 61, 100, 127, 238, 54, 161, 52, 4, 0, 0, 0, 255, 255, 0, 0, 0, 0, 0, 0, 54, 165, 187, 188, 171, 45, 214, 62, 173, 153, 136, 60, 0, 132, 234, 0, 8, 234, 124, 127, 199, 50, 87, 52, 4, 0, 0, 0, 255, 255, 0, 0, 0, 0, 0, 0, 218, 170, 139, 189, 176, 141, 226, 62, 230, 243, 174, 60, 161, 173, 247, 0, 13, 227, 122, 127, 50, 51, 88, 51, 4, 0, 0, 0, 255, 255, 0, 0, 0, 0, 0, 0, 4, 168, 43, 190, 96, 6, 58, 63, 176, 119, 156, 61, 146, 60, 14, 0, 255, 225, 122, 127, 36, 51, 188, 48, 4, 0, 0, 0, 255, 255, 0, 0, 0, 0, 0, 0, 54, 165, 187, 188, 33, 253, 45, 63, 94, 245, 6, 63, 0, 125, 20, 0, 252, 236, 125, 127, 166, 53, 231, 46, 4, 0, 0, 0, 255, 255, 0, 0, 0, 0, 0, 0, 54, 165, 187, 188, 99, 81, 70, 63, 62, 132, 175, 61, 0, 125, 19, 0, 235, 237, 123, 127, 71, 51, 191, 47, 4, 0, 0, 0, 255, 255, 0, 0, 0, 0, 0, 0, 54, 165, 187, 188, 132, 169, 29, 63, 207, 206, 101, 63, 0, 51, 116, 0, 109, 197, 26, 127, 210, 55, 218, 47, 4, 0, 0, 0, 255, 255, 0, 0, 0, 0, 0, 0 ),
"array_index_data": PoolByteArray( 0, 0, 2, 0, 1, 0, 3, 0, 2, 0, 0, 0, 4, 0, 6, 0, 5, 0, 7, 0, 6, 0, 4, 0, 8, 0, 5, 0, 9, 0, 4, 0, 5, 0, 8, 0, 10, 0, 0, 0, 1, 0, 11, 0, 0, 0, 10, 0, 11, 0, 3, 0, 0, 0, 12, 0, 3, 0, 11, 0, 5, 0, 10, 0, 9, 0, 11, 0, 10, 0, 5, 0, 6, 0, 11, 0, 5, 0, 6, 0, 12, 0, 11, 0, 13, 0, 12, 0, 6, 0, 13, 0, 14, 0, 12, 0, 12, 0, 2, 0, 3, 0, 14, 0, 2, 0, 12, 0, 7, 0, 13, 0, 6, 0, 15, 0, 13, 0, 7, 0, 15, 0, 4, 0, 8, 0, 15, 0, 7, 0, 4, 0, 16, 0, 18, 0, 17, 0, 16, 0, 19, 0, 18, 0, 20, 0, 22, 0, 21, 0, 20, 0, 23, 0, 22, 0, 21, 0, 25, 0, 24, 0, 21, 0, 22, 0, 25, 0, 18, 0, 26, 0, 17, 0, 18, 0, 27, 0, 26, 0, 19, 0, 27, 0, 18, 0, 19, 0, 28, 0, 27, 0, 26, 0, 21, 0, 24, 0, 26, 0, 27, 0, 21, 0, 27, 0, 20, 0, 21, 0, 28, 0, 20, 0, 27, 0, 28, 0, 29, 0, 20, 0, 30, 0, 29, 0, 28, 0, 16, 0, 28, 0, 19, 0, 16, 0, 30, 0, 28, 0, 29, 0, 23, 0, 20, 0, 29, 0, 31, 0, 23, 0, 22, 0, 31, 0, 25, 0, 23, 0, 31, 0, 22, 0 ),
"blend_shape_data": [  ],
"format": 97751,
"index_count": 132,
"material": ExtResource( 1 ),
"primitive": 4,
"skeleton_aabb": [ AABB( 0, 0, 0, -1, -1, -1 ), AABB( 0, 0, 0, -1, -1, -1 ), AABB( 0, 0, 0, -1, -1, -1 ), AABB( 0, 0, 0, -1, -1, -1 ), AABB( -0.239783, 0.227824, -0.335959, 0.433754, 0.597448, 1.23365 ) ],
"vertex_count": 32
}

[sub_resource type="Skin" id=2]
resource_name = "Skin"
bind_count = 50
bind/0/name = "look_target"
bind/0/bone = -1
bind/0/pose = Transform( 1, 8.66252e-07, 0, 0, 0, 1, 8.66252e-07, -1, 0, 0.0229052, -1.95861, 0.837346 )
bind/1/name = "listen_target"
bind/1/bone = -1
bind/1/pose = Transform( 1, 8.66252e-07, 0, 0, 0, 1, 8.66252e-07, -1, 0, 0.0229051, -1.95861, 0.945651 )
bind/2/name = "hind_control_1"
bind/2/bone = -1
bind/2/pose = Transform( 1, -6.27833e-07, 0, 0, 0, 1, -6.27833e-07, -1, 0, 0.0229059, 0.134121, 0.00640403 )
bind/3/name = "hind_control"
bind/3/bone = -1
bind/3/pose = Transform( 1, -1.13687e-13, -2.47475e-19, 1.13687e-13, 1, -3.94174e-13, 2.47475e-19, -2.81347e-32, 1, 0.0229059, -0.74123, 0.134121 )
bind/4/name = "body"
bind/4/bone = -1
bind/4/pose = Transform( 1, 2.7623e-12, 4.73342e-13, 5.42101e-20, -0.168896, 0.985634, 2.80256e-12, -0.985634, -0.168896, 0.0229059, 0.24262, 0.675396 )
bind/5/name = "collar_l"
bind/5/bone = -1
bind/5/pose = Transform( -0.0995683, 0.195031, -0.97573, 0.913557, -0.370698, -0.16732, -0.394333, -0.908045, -0.141262, 0.551017, 0.345599, 0.603436 )
bind/6/name = "fore_leg_pole_ref_l"
bind/6/bone = -1
bind/6/pose = Transform( 1, -9.23358e-07, 5.42988e-08, 2.32223e-07, -0.0103886, -0.999946, 9.56138e-07, 0.999946, -0.0103886, -0.500926, 0.515134, -0.349536 )
bind/7/name = "fore_leg_pole_target_l"
bind/7/bone = -1
bind/7/pose = Transform( 1, -1.12256e-06, 1.12161e-06, 1.16642e-06, 0.999946, -0.0103879, -1.29741e-06, 0.0103879, 0.999946, -0.592478, -1.01231, -0.782011 )
bind/8/name = "shoulder_l"
bind/8/bone = -1
bind/8/pose = Transform( -0.198261, 0.88439, 0.422549, 0.928024, 0.308093, -0.209405, -0.31538, 0.350618, -0.881817, -0.66384, -0.185341, 0.454912 )
bind/9/name = "forearm_l"
bind/9/bone = -1
bind/9/pose = Transform( 0.151496, -0.323318, 0.934085, 0.492435, -0.794688, -0.354935, 0.857063, 0.513747, 0.0388215, -0.406216, 0.401648, -0.831443 )
bind/10/name = "neck"
bind/10/bone = -1
bind/10/pose = Transform( 1, -2.21761e-07, -7.88502e-07, 7.39717e-07, 0.657909, 0.753097, 3.51755e-07, -0.753097, 0.657909, 0.0229066, -0.886726, -0.0196392 )
bind/11/name = "facing_ref"
bind/11/bone = -1
bind/11/pose = Transform( 1, -9.58584e-08, 4.27688e-07, -4.34235e-07, -0.0841104, 0.996457, -5.95458e-08, -0.996457, -0.0841104, 0.0229052, -0.993319, 0.999118 )
bind/12/name = "head"
bind/12/bone = -1
bind/12/pose = Transform( 1, -7.66979e-08, 9.57039e-07, -8.99927e-07, -0.422237, 0.906486, 3.34572e-07, -0.906486, -0.422237, 0.0229046, -0.588324, 1.28015 )
bind/13/name = "ear_facing_l"
bind/13/bone = -1
bind/13/pose = Transform( 0.999282, -0.00303567, 0.0377772, -0.0378987, -0.076026, 0.996385, -0.000152644, -0.997101, -0.0760865, -0.100769, -0.950848, 1.1 )
bind/14/name = "ear_l"
bind/14/bone = -1
bind/14/pose = Transform( 0.981953, -0.0988978, 0.161208, 0.00970744, 0.877615, 0.479268, -0.188877, -0.469054, 0.862736, -0.129202, -1.3955, -0.400198 )
bind/15/name = "ear_facing_r"
bind/15/bone = -1
bind/15/pose = Transform( 0.999282, 0.00303567, -0.0377772, 0.0378987, -0.076026, 0.996385, 0.000152646, -0.997101, -0.0760864, 0.146548, -0.949112, 1.10001 )
bind/16/name = "ear_r"
bind/16/bone = -1
bind/16/pose = Transform( 0.981953, 0.0988978, -0.161208, -0.00970742, 0.877615, 0.479268, 0.188877, -0.469054, 0.862736, 0.174187, -1.39595, -0.391545 )
bind/17/name = "collar_r"
bind/17/bone = -1
bind/17/pose = Transform( -0.0995683, -0.195031, 0.97573, -0.913557, -0.370698, -0.16732, 0.394333, -0.908045, -0.141262, -0.555578, 0.303748, 0.621501 )
bind/18/name = "fore_leg_pole_ref_r"
bind/18/bone = -1
bind/18/pose = Transform( 1, 9.23358e-07, -5.42988e-08, -2.32223e-07, -0.0103886, -0.999946, -9.56138e-07, 0.999946, -0.0103886, 0.546738, 0.515134, -0.349536 )
bind/19/name = "fore_leg_pole_target_r"
bind/19/bone = -1
bind/19/pose = Transform( 1, 1.12256e-06, -1.12161e-06, -1.16642e-06, 0.999946, -0.0103879, 1.29741e-06, 0.0103879, 0.999946, 0.63829, -1.01231, -0.782011 )
bind/20/name = "shoulder_r"
bind/20/bone = -1
bind/20/pose = Transform( -0.198261, -0.88439, -0.422549, -0.928024, 0.308093, -0.209405, 0.31538, 0.350618, -0.881817, 0.654758, -0.227856, 0.46936 )
bind/21/name = "forearm_r"
bind/21/bone = -1
bind/21/pose = Transform( 0.151496, 0.323318, -0.934085, -0.492435, -0.794688, -0.354935, -0.857063, 0.513747, 0.0388215, 0.413157, 0.379089, -0.870707 )
bind/22/name = "pelvis_l"
bind/22/bone = -1
bind/22/pose = Transform( 0.231685, -0.0495185, 0.97153, 0.926319, -0.293761, -0.235876, 0.297078, 0.954595, -0.0221901, 0.162171, 0.201055, -0.676279 )
bind/23/name = "thigh_l"
bind/23/bone = -1
bind/23/pose = Transform( -0.704189, 0.539416, 0.461681, 0.707648, 0.480183, 0.518322, 0.0579002, 0.691704, -0.719856, -0.171366, -0.334239, -0.585479 )
bind/24/name = "shin_l"
bind/24/bone = -1
bind/24/pose = Transform( 0.127634, -0.683381, 0.718818, 0.511465, -0.575597, -0.638037, 0.849772, 0.449086, 0.276059, 0.471567, 0.340627, -0.949412 )
bind/25/name = "tail_1"
bind/25/bone = -1
bind/25/pose = Transform( 1, 4.17218e-16, 5.63189e-16, 8.09045e-17, 0.729449, -0.684036, -6.96207e-16, 0.684036, 0.729449, 0.0229059, -0.605451, -0.396208 )
bind/26/name = "tail_2"
bind/26/bone = -1
bind/26/pose = Transform( 1, 3.67843e-16, 1.67119e-15, 1.56559e-16, 0.95286, -0.303411, -1.70402e-15, 0.303411, 0.95286, 0.0229059, -1.15693, 0.112797 )
bind/27/name = "tail_3"
bind/27/bone = -1
bind/27/pose = Transform( 1, 2.48255e-16, 2.81761e-15, -3.94746e-16, 0.998641, 0.0521122, -2.80084e-15, -0.0521123, 0.998641, 0.0229059, -1.29267, 0.607704 )
bind/28/name = "tail_control"
bind/28/bone = -1
bind/28/pose = Transform( 1, -6.77626e-21, 2.83514e-20, 2.83515e-20, -3.22326e-33, -1, 6.77626e-21, 1, -3.94174e-13, 0.0229059, -0.528792, -1.52808 )
bind/29/name = "tail_4"
bind/29/bone = -1
bind/29/pose = Transform( 1, 2.31309e-07, -5.7781e-08, -3.62379e-13, 0.242354, 0.970188, 2.38418e-07, -0.970194, 0.242354, 0.0229055, 0.142691, 1.61069 )
bind/30/name = "pelvis_r"
bind/30/bone = -1
bind/30/pose = Transform( 0.231685, 0.0495185, -0.97153, -0.926319, -0.293761, -0.235876, -0.297078, 0.954595, -0.0221901, -0.151557, 0.158619, -0.689889 )
bind/31/name = "thigh_r"
bind/31/bone = -1
bind/31/pose = Transform( -0.704189, -0.539416, -0.461681, -0.707648, 0.480183, 0.518322, -0.0579002, 0.691704, -0.719856, 0.139106, -0.366658, -0.588132 )
bind/32/name = "shin_r"
bind/32/bone = -1
bind/32/pose = Transform( 0.127634, 0.683381, -0.718818, -0.511465, -0.575597, -0.638037, -0.849772, 0.449086, 0.276059, -0.46572, 0.317196, -0.988342 )
bind/33/name = "shoulder_control_l"
bind/33/bone = -1
bind/33/pose = Transform( 1, -1.01385e-06, -1.3695e-07, -1.4758e-07, -0.0103804, -0.999946, 1.03327e-06, 0.999146, -0.0103804, -0.183857, 0.647839, -0.477609 )
bind/34/name = "hand_control_l"
bind/34/bone = -1
bind/34/pose = Transform( 1, -1.01239e-06, 3.99525e-09, -6.53753e-09, -0.0104036, -0.999946, 1.01385e-06, 1.00139, -0.0104036, -0.817995, 0.382429, -0.221401 )
bind/35/name = "hand_l"
bind/35/bone = -1
bind/35/pose = Transform( 0.266465, -0.882126, -0.391267, 0.140422, -0.366679, 0.919906, -0.95356, -0.300501, 0.0261286, 0.129271, -0.382011, 0.8377 )
bind/36/name = "shoulder_control_r"
bind/36/bone = -1
bind/36/pose = Transform( 1, 1.01372e-06, 1.23906e-07, 1.34535e-07, -0.0103804, -0.999946, -1.03327e-06, 0.999146, -0.0103804, 0.229669, 0.647839, -0.477609 )
bind/37/name = "hand_control_r"
bind/37/bone = -1
bind/37/pose = Transform( 1, 1.01226e-06, -1.70391e-08, -6.50705e-09, -0.0104036, -0.999946, -1.01385e-06, 1.00139, -0.0104036, 0.863807, 0.382429, -0.221401 )
bind/38/name = "hand_r"
bind/38/bone = -1
bind/38/pose = Transform( 0.266465, 0.882126, 0.391267, -0.140422, -0.366679, 0.919906, 0.95356, -0.300501, 0.0261287, -0.117064, -0.388444, 0.881385 )
bind/39/name = "thigh_control_l"
bind/39/bone = -1
bind/39/pose = Transform( 1, -5.68434e-14, 0, 0, 0, -1, 5.68434e-14, 1, 0, -0.149749, -0.169101, -0.657912 )
bind/40/name = "hind_leg_pole_ref_l"
bind/40/bone = -1
bind/40/pose = Transform( 1, 0, 0, 0, 0, -1, 0, 1, 0, -0.585329, -0.294088, -0.548914 )
bind/41/name = "hind_leg_pole_target_l"
bind/41/bone = -1
bind/41/pose = Transform( 0.992121, -0.0616732, -0.109047, 0.103769, 0.892234, 0.439489, 0.0701908, -0.447343, 0.891604, -0.523871, -1.40102, 0.3165 )
bind/42/name = "foot_control_l"
bind/42/bone = -1
bind/42/pose = Transform( 1, -5.68434e-14, 0, 0, 0, -1, 5.68434e-14, 1, 0, -1.02091, -0.419075, -0.439917 )
bind/43/name = "foot_l"
bind/43/bone = -1
bind/43/pose = Transform( -0.65748, 0.545713, 0.519535, 0.100001, -0.620222, 0.778026, 0.746807, 0.56349, 0.353212, 0.648884, 0.496806, -0.862288 )
bind/44/name = "thigh_control_r"
bind/44/bone = -1
bind/44/pose = Transform( 1, -5.68434e-14, 0, 0, 0, -1, 5.68434e-14, 1, 0, 0.195561, -0.169101, -0.657912 )
bind/45/name = "hind_leg_pole_ref_r"
bind/45/bone = -1
bind/45/pose = Transform( 1, 0, 0, 0, 0, -1, 0, 1, 0, 0.631141, -0.294088, -0.548914 )
bind/46/name = "hind_leg_pole_target_r"
bind/46/bone = -1
bind/46/pose = Transform( 0.992121, 0.0616732, 0.109047, -0.103769, 0.892234, 0.439489, -0.0701908, -0.447343, 0.891604, 0.569322, -1.40577, 0.313285 )
bind/47/name = "foot_control_r"
bind/47/bone = -1
bind/47/pose = Transform( 1, -5.68434e-14, 0, 0, 0, -1, 5.68434e-14, 1, 0, 1.06672, -0.419075, -0.439917 )
bind/48/name = "foot_r"
bind/48/bone = -1
bind/48/pose = Transform( -0.65748, -0.545713, -0.519535, -0.100001, -0.620222, 0.778026, -0.746807, 0.56349, 0.353212, -0.679004, 0.492225, -0.896501 )
bind/49/name = "fore_control"
bind/49/bone = -1
bind/49/pose = Transform( 1, 1.13687e-13, -9.53674e-07, -1.13687e-13, 1, -3.94174e-13, 9.53674e-07, 1.0842e-19, 1, 0.0229066, -0.5704, -0.670175 )

[sub_resource type="ArrayMesh" id=3]
resource_name = "Ears"
surfaces/0 = {
"aabb": AABB( -0.162368, 0.89949, 0.961234, 0.281113, 0.262681, 0.158535 ),
"array_data": PoolByteArray( 108, 56, 73, 61, 177, 193, 148, 63, 88, 100, 139, 63, 209, 112, 223, 0, 153, 234, 69, 127, 117, 57, 95, 58, 14, 12, 0, 0, 253, 255, 1, 0, 0, 0, 0, 0, 232, 234, 29, 61, 98, 154, 141, 63, 176, 77, 135, 63, 194, 65, 168, 0, 149, 242, 65, 127, 133, 57, 161, 58, 14, 12, 0, 0, 214, 161, 40, 94, 0, 0, 0, 0, 23, 80, 6, 61, 138, 233, 141, 63, 13, 93, 140, 63, 153, 253, 72, 0, 72, 234, 101, 127, 139, 57, 152, 58, 14, 12, 0, 0, 191, 232, 63, 23, 0, 0, 0, 0, 172, 248, 54, 61, 4, 175, 146, 63, 87, 97, 142, 63, 180, 46, 90, 0, 68, 195, 88, 127, 124, 57, 110, 58, 14, 0, 0, 0, 255, 255, 0, 0, 0, 0, 0, 0, 205, 38, 201, 61, 165, 240, 147, 63, 159, 87, 140, 63, 81, 96, 242, 0, 163, 72, 211, 127, 65, 57, 103, 58, 14, 0, 0, 0, 255, 255, 0, 0, 0, 0, 0, 0, 52, 169, 211, 61, 27, 189, 139, 63, 28, 58, 136, 63, 102, 40, 194, 0, 182, 38, 161, 127, 64, 57, 178, 58, 14, 12, 0, 0, 113, 147, 141, 108, 0, 0, 0, 0, 206, 219, 199, 61, 68, 12, 140, 63, 121, 73, 141, 63, 74, 227, 98, 0, 155, 1, 76, 129, 72, 57, 169, 58, 14, 12, 0, 0, 149, 227, 105, 28, 0, 0, 0, 0, 52, 169, 211, 61, 27, 189, 139, 63, 28, 58, 136, 63, 102, 40, 194, 0, 64, 5, 109, 129, 64, 57, 178, 58, 14, 12, 0, 0, 113, 147, 141, 108, 0, 0, 0, 0, 205, 38, 201, 61, 165, 240, 147, 63, 159, 87, 140, 63, 81, 96, 242, 0, 190, 68, 83, 129, 65, 57, 103, 58, 14, 0, 0, 0, 255, 255, 0, 0, 0, 0, 0, 0, 239, 6, 192, 61, 249, 221, 145, 63, 158, 84, 143, 63, 59, 27, 108, 0, 150, 233, 64, 129, 73, 57, 117, 58, 14, 0, 0, 0, 255, 255, 0, 0, 0, 0, 0, 0, 23, 80, 6, 61, 138, 233, 141, 63, 13, 93, 140, 63, 153, 253, 72, 0, 60, 182, 82, 127, 195, 50, 16, 56, 14, 12, 0, 0, 191, 232, 63, 23, 0, 0, 0, 0, 206, 219, 199, 61, 68, 12, 140, 63, 121, 73, 141, 63, 74, 227, 98, 0, 85, 206, 177, 127, 209, 51, 255, 55, 14, 12, 0, 0, 149, 227, 105, 28, 0, 0, 0, 0, 239, 6, 192, 61, 249, 221, 145, 63, 158, 84, 143, 63, 59, 27, 108, 0, 102, 192, 216, 127, 165, 51, 195, 55, 14, 0, 0, 0, 255, 255, 0, 0, 0, 0, 0, 0, 172, 248, 54, 61, 4, 175, 146, 63, 87, 97, 142, 63, 180, 46, 90, 0, 98, 5, 79, 127, 31, 51, 199, 55, 14, 0, 0, 0, 255, 255, 0, 0, 0, 0, 0, 0, 224, 18, 224, 59, 230, 72, 112, 63, 117, 19, 118, 63, 179, 200, 173, 0, 169, 90, 19, 129, 179, 57, 107, 59, 12, 0, 0, 0, 255, 255, 0, 0, 0, 0, 0, 0, 108, 48, 243, 61, 245, 68, 102, 63, 42, 195, 119, 63, 63, 165, 195, 0, 146, 206, 219, 129, 61, 57, 151, 59, 12, 0, 0, 0, 255, 255, 0, 0, 0, 0, 0, 0, 108, 90, 223, 61, 73, 46, 117, 63, 10, 40, 135, 63, 66, 189, 85, 0, 150, 237, 67, 129, 70, 57, 65, 59, 12, 0, 0, 0, 255, 255, 0, 0, 0, 0, 0, 0, 128, 154, 58, 187, 57, 50, 127, 63, 49, 80, 134, 63, 144, 229, 52, 0, 198, 33, 149, 129, 184, 57, 22, 59, 12, 0, 0, 0, 255, 255, 0, 0, 0, 0, 0, 0, 172, 248, 54, 61, 4, 175, 146, 63, 87, 97, 142, 63, 180, 46, 90, 0, 155, 211, 194, 129, 124, 57, 110, 58, 14, 0, 0, 0, 255, 255, 0, 0, 0, 0, 0, 0, 108, 56, 73, 61, 177, 193, 148, 63, 88, 100, 139, 63, 209, 112, 223, 0, 139, 214, 23, 129, 117, 57, 95, 58, 14, 12, 0, 0, 253, 255, 1, 0, 0, 0, 0, 0, 128, 154, 58, 187, 57, 50, 127, 63, 49, 80, 134, 63, 144, 229, 52, 0, 55, 167, 71, 127, 166, 50, 155, 56, 12, 0, 0, 0, 255, 255, 0, 0, 0, 0, 0, 0, 108, 90, 223, 61, 73, 46, 117, 63, 10, 40, 135, 63, 66, 189, 85, 0, 104, 11, 185, 127, 75, 52, 159, 56, 12, 0, 0, 0, 255, 255, 0, 0, 0, 0, 0, 0, 140, 133, 215, 61, 218, 104, 128, 63, 47, 51, 137, 63, 77, 228, 96, 0, 92, 230, 174, 127, 68, 52, 107, 56, 12, 14, 0, 0, 254, 255, 0, 0, 0, 0, 0, 0, 180, 251, 19, 60, 150, 94, 132, 63, 122, 84, 136, 63, 148, 2, 65, 0, 53, 188, 92, 127, 217, 50, 107, 56, 12, 14, 0, 0, 25, 253, 229, 2, 0, 0, 0, 0, 173, 176, 207, 61, 142, 58, 134, 63, 84, 62, 139, 63, 76, 228, 97, 0, 89, 217, 175, 127, 21, 52, 49, 56, 12, 14, 0, 0, 193, 206, 61, 49, 0, 0, 0, 0, 4, 79, 171, 60, 16, 36, 137, 63, 196, 88, 138, 63, 150, 0, 68, 0, 51, 172, 79, 127, 229, 50, 67, 56, 12, 14, 0, 0, 64, 172, 190, 83, 0, 0, 0, 0, 4, 174, 232, 61, 10, 172, 118, 63, 47, 254, 127, 63, 100, 41, 191, 0, 71, 249, 105, 129, 62, 57, 75, 59, 12, 0, 0, 0, 255, 255, 0, 0, 0, 0, 0, 0, 140, 133, 215, 61, 218, 104, 128, 63, 47, 51, 137, 63, 77, 228, 96, 0, 156, 244, 76, 129, 71, 57, 15, 59, 12, 14, 0, 0, 254, 255, 0, 0, 0, 0, 0, 0, 156, 43, 222, 61, 144, 137, 131, 63, 153, 28, 132, 63, 101, 41, 192, 0, 68, 255, 107, 129, 63, 57, 254, 58, 12, 14, 0, 0, 206, 255, 48, 0, 0, 0, 0, 0, 173, 176, 207, 61, 142, 58, 134, 63, 84, 62, 139, 63, 76, 228, 97, 0, 156, 251, 77, 129, 71, 57, 220, 58, 12, 14, 0, 0, 193, 206, 61, 49, 0, 0, 0, 0, 4, 174, 232, 61, 10, 172, 118, 63, 47, 254, 127, 63, 100, 41, 191, 0, 180, 38, 163, 127, 62, 57, 75, 59, 12, 0, 0, 0, 255, 255, 0, 0, 0, 0, 0, 0, 108, 48, 243, 61, 245, 68, 102, 63, 42, 195, 119, 63, 63, 165, 195, 0, 149, 221, 199, 127, 61, 57, 151, 59, 12, 0, 0, 0, 255, 255, 0, 0, 0, 0, 0, 0, 224, 18, 224, 59, 230, 72, 112, 63, 117, 19, 118, 63, 179, 200, 173, 0, 156, 42, 64, 127, 179, 57, 107, 59, 12, 0, 0, 0, 255, 255, 0, 0, 0, 0, 0, 0, 192, 159, 142, 60, 134, 151, 126, 63, 195, 64, 126, 63, 203, 66, 162, 0, 142, 241, 53, 127, 164, 57, 40, 59, 12, 0, 0, 0, 255, 255, 0, 0, 0, 0, 0, 0, 156, 43, 222, 61, 144, 137, 131, 63, 153, 28, 132, 63, 101, 41, 192, 0, 181, 38, 162, 127, 63, 57, 254, 58, 12, 14, 0, 0, 206, 255, 48, 0, 0, 0, 0, 0, 200, 58, 229, 60, 19, 115, 134, 63, 9, 55, 131, 63, 200, 65, 164, 0, 145, 241, 58, 127, 148, 57, 228, 58, 12, 14, 0, 0, 217, 253, 37, 2, 0, 0, 0, 0, 128, 154, 58, 187, 57, 50, 127, 63, 49, 80, 134, 63, 144, 229, 52, 0, 56, 245, 113, 127, 184, 57, 22, 59, 12, 0, 0, 0, 255, 255, 0, 0, 0, 0, 0, 0, 180, 251, 19, 60, 150, 94, 132, 63, 122, 84, 136, 63, 148, 2, 65, 0, 60, 212, 102, 127, 169, 57, 236, 58, 12, 14, 0, 0, 25, 253, 229, 2, 0, 0, 0, 0, 4, 79, 171, 60, 16, 36, 137, 63, 196, 88, 138, 63, 150, 0, 68, 0, 66, 223, 103, 127, 154, 57, 194, 58, 12, 14, 0, 0, 64, 172, 190, 83, 0, 0, 0, 0, 116, 127, 156, 189, 138, 233, 141, 63, 13, 93, 140, 63, 103, 253, 72, 0, 184, 234, 101, 129, 139, 57, 152, 58, 16, 12, 0, 0, 191, 232, 63, 23, 0, 0, 0, 0, 220, 76, 168, 189, 98, 154, 141, 63, 176, 77, 135, 63, 62, 65, 168, 0, 107, 242, 65, 129, 133, 57, 161, 58, 16, 12, 0, 0, 214, 161, 40, 94, 0, 0, 0, 0, 158, 243, 189, 189, 177, 193, 148, 63, 88, 100, 139, 63, 47, 112, 223, 0, 103, 234, 69, 129, 117, 57, 95, 58, 16, 12, 0, 0, 253, 255, 1, 0, 0, 0, 0, 0, 190, 211, 180, 189, 4, 175, 146, 63, 87, 97, 142, 63, 76, 46, 90, 0, 188, 195, 88, 129, 124, 57, 110, 58, 16, 0, 0, 0, 255, 255, 0, 0, 0, 0, 0, 0, 78, 128, 22, 190, 27, 189, 139, 63, 28, 58, 136, 63, 154, 40, 194, 0, 74, 38, 161, 129, 64, 57, 178, 58, 16, 12, 0, 0, 113, 147, 141, 108, 0, 0, 0, 0, 26, 63, 17, 190, 165, 240, 147, 63, 159, 87, 140, 63, 175, 96, 242, 0, 93, 72, 211, 129, 65, 57, 103, 58, 16, 0, 0, 0, 255, 255, 0, 0, 0, 0, 0, 0, 26, 63, 17, 190, 165, 240, 147, 63, 159, 87, 140, 63, 175, 96, 242, 0, 66, 68, 83, 127, 65, 57, 103, 58, 16, 0, 0, 0, 255, 255, 0, 0, 0, 0, 0, 0, 78, 128, 22, 190, 27, 189, 139, 63, 28, 58, 136, 63, 154, 40, 194, 0, 192, 5, 109, 127, 64, 57, 178, 58, 16, 12, 0, 0, 113, 147, 141, 108, 0, 0, 0, 0, 155, 153, 16, 190, 68, 12, 140, 63, 121, 73, 141, 63, 182, 227, 98, 0, 101, 1, 76, 127, 72, 57, 169, 58, 16, 12, 0, 0, 149, 227, 105, 28, 0, 0, 0, 0, 44, 175, 12, 190, 249, 221, 145, 63, 158, 84, 143, 63, 197, 27, 108, 0, 106, 233, 64, 127, 73, 57, 117, 58, 16, 0, 0, 0, 255, 255, 0, 0, 0, 0, 0, 0, 44, 175, 12, 190, 249, 221, 145, 63, 158, 84, 143, 63, 197, 27, 108, 0, 154, 192, 216, 129, 165, 51, 195, 55, 16, 0, 0, 0, 255, 255, 0, 0, 0, 0, 0, 0, 155, 153, 16, 190, 68, 12, 140, 63, 121, 73, 141, 63, 182, 227, 98, 0, 171, 206, 177, 129, 209, 51, 255, 55, 16, 12, 0, 0, 149, 227, 105, 28, 0, 0, 0, 0, 116, 127, 156, 189, 138, 233, 141, 63, 13, 93, 140, 63, 103, 253, 72, 0, 196, 182, 82, 129, 195, 50, 16, 56, 16, 12, 0, 0, 191, 232, 63, 23, 0, 0, 0, 0, 190, 211, 180, 189, 4, 175, 146, 63, 87, 97, 142, 63, 76, 46, 90, 0, 158, 5, 79, 129, 31, 51, 199, 55, 16, 0, 0, 0, 255, 255, 0, 0, 0, 0, 0, 0, 234, 88, 28, 190, 73, 46, 117, 63, 10, 40, 135, 63, 190, 189, 85, 0, 106, 237, 67, 127, 70, 57, 65, 59, 12, 0, 0, 0, 255, 255, 0, 0, 0, 0, 0, 0, 234, 67, 38, 190, 245, 68, 102, 63, 42, 195, 119, 63, 193, 165, 195, 0, 110, 206, 219, 127, 61, 57, 151, 59, 12, 0, 0, 0, 255, 255, 0, 0, 0, 0, 0, 0, 44, 177, 78, 189, 230, 72, 112, 63, 117, 19, 118, 63, 77, 200, 173, 0, 87, 90, 19, 127, 179, 57, 107, 59, 12, 0, 0, 0, 255, 255, 0, 0, 0, 0, 0, 0, 40, 5, 39, 189, 57, 50, 127, 63, 49, 80, 134, 63, 112, 229, 52, 0, 58, 33, 149, 127, 184, 57, 22, 59, 12, 0, 0, 0, 255, 255, 0, 0, 0, 0, 0, 0, 190, 211, 180, 189, 4, 175, 146, 63, 87, 97, 142, 63, 76, 46, 90, 0, 101, 211, 194, 127, 124, 57, 110, 58, 16, 0, 0, 0, 255, 255, 0, 0, 0, 0, 0, 0, 158, 243, 189, 189, 177, 193, 148, 63, 88, 100, 139, 63, 47, 112, 223, 0, 117, 214, 23, 127, 117, 57, 95, 58, 16, 12, 0, 0, 253, 255, 1, 0, 0, 0, 0, 0, 122, 110, 24, 190, 218, 104, 128, 63, 47, 51, 137, 63, 179, 228, 96, 0, 164, 230, 174, 129, 68, 52, 107, 56, 12, 16, 0, 0, 254, 255, 0, 0, 0, 0, 0, 0, 234, 88, 28, 190, 73, 46, 117, 63, 10, 40, 135, 63, 190, 189, 85, 0, 152, 11, 185, 129, 75, 52, 159, 56, 12, 0, 0, 0, 255, 255, 0, 0, 0, 0, 0, 0, 40, 5, 39, 189, 57, 50, 127, 63, 49, 80, 134, 63, 112, 229, 52, 0, 201, 167, 71, 129, 166, 50, 155, 56, 12, 0, 0, 0, 255, 255, 0, 0, 0, 0, 0, 0, 189, 173, 87, 189, 150, 94, 132, 63, 122, 84, 136, 63, 108, 2, 65, 0, 203, 188, 92, 129, 217, 50, 107, 56, 12, 16, 0, 0, 25, 253, 229, 2, 0, 0, 0, 0, 10, 132, 20, 190, 142, 58, 134, 63, 84, 62, 139, 63, 180, 228, 97, 0, 167, 217, 175, 129, 21, 52, 49, 56, 12, 16, 0, 0, 193, 206, 61, 49, 0, 0, 0, 0, 41, 43, 132, 189, 16, 36, 137, 63, 196, 88, 138, 63, 106, 0, 68, 0, 205, 172, 79, 129, 229, 50, 67, 56, 12, 16, 0, 0, 64, 172, 190, 83, 0, 0, 0, 0, 182, 2, 33, 190, 10, 172, 118, 63, 47, 254, 127, 63, 156, 41, 191, 0, 185, 249, 105, 127, 62, 57, 75, 59, 12, 0, 0, 0, 255, 255, 0, 0, 0, 0, 0, 0, 122, 110, 24, 190, 218, 104, 128, 63, 47, 51, 137, 63, 179, 228, 96, 0, 100, 244, 76, 127, 71, 57, 15, 59, 12, 16, 0, 0, 254, 255, 0, 0, 0, 0, 0, 0, 130, 193, 27, 190, 144, 137, 131, 63, 153, 28, 132, 63, 155, 41, 192, 0, 188, 255, 107, 127, 63, 57, 254, 58, 12, 16, 0, 0, 206, 255, 48, 0, 0, 0, 0, 0, 10, 132, 20, 190, 142, 58, 134, 63, 84, 62, 139, 63, 180, 228, 97, 0, 100, 251, 77, 127, 71, 57, 220, 58, 12, 16, 0, 0, 193, 206, 61, 49, 0, 0, 0, 0, 44, 177, 78, 189, 230, 72, 112, 63, 117, 19, 118, 63, 77, 200, 173, 0, 100, 42, 64, 129, 179, 57, 107, 59, 12, 0, 0, 0, 255, 255, 0, 0, 0, 0, 0, 0, 234, 67, 38, 190, 245, 68, 102, 63, 42, 195, 119, 63, 193, 165, 195, 0, 107, 221, 199, 129, 61, 57, 151, 59, 12, 0, 0, 0, 255, 255, 0, 0, 0, 0, 0, 0, 182, 2, 33, 190, 10, 172, 118, 63, 47, 254, 127, 63, 156, 41, 191, 0, 76, 38, 163, 129, 62, 57, 75, 59, 12, 0, 0, 0, 255, 255, 0, 0, 0, 0, 0, 0, 176, 254, 121, 189, 134, 151, 126, 63, 195, 64, 126, 63, 53, 66, 162, 0, 114, 241, 53, 129, 164, 57, 40, 59, 12, 0, 0, 0, 255, 255, 0, 0, 0, 0, 0, 0, 130, 193, 27, 190, 144, 137, 131, 63, 153, 28, 132, 63, 155, 41, 192, 0, 75, 38, 162, 129, 63, 57, 254, 58, 12, 16, 0, 0, 206, 255, 48, 0, 0, 0, 0, 0, 26, 166, 146, 189, 19, 115, 134, 63, 9, 55, 131, 63, 56, 65, 164, 0, 111, 241, 58, 129, 148, 57, 228, 58, 12, 16, 0, 0, 217, 253, 37, 2, 0, 0, 0, 0, 40, 5, 39, 189, 57, 50, 127, 63, 49, 80, 134, 63, 112, 229, 52, 0, 200, 245, 113, 129, 184, 57, 22, 59, 12, 0, 0, 0, 255, 255, 0, 0, 0, 0, 0, 0, 189, 173, 87, 189, 150, 94, 132, 63, 122, 84, 136, 63, 108, 2, 65, 0, 196, 212, 102, 129, 169, 57, 236, 58, 12, 16, 0, 0, 25, 253, 229, 2, 0, 0, 0, 0, 41, 43, 132, 189, 16, 36, 137, 63, 196, 88, 138, 63, 106, 0, 68, 0, 190, 223, 103, 129, 154, 57, 194, 58, 12, 16, 0, 0, 64, 172, 190, 83, 0, 0, 0, 0 ),
"array_index_data": PoolByteArray( 0, 0, 2, 0, 1, 0, 0, 0, 3, 0, 2, 0, 4, 0, 1, 0, 5, 0, 4, 0, 0, 0, 1, 0, 6, 0, 8, 0, 7, 0, 9, 0, 8, 0, 6, 0, 10, 0, 12, 0, 11, 0, 13, 0, 12, 0, 10, 0, 14, 0, 16, 0, 15, 0, 17, 0, 16, 0, 14, 0, 18, 0, 8, 0, 9, 0, 19, 0, 8, 0, 18, 0, 20, 0, 22, 0, 21, 0, 23, 0, 22, 0, 20, 0, 23, 0, 24, 0, 22, 0, 25, 0, 24, 0, 23, 0, 25, 0, 11, 0, 24, 0, 10, 0, 11, 0, 25, 0, 16, 0, 26, 0, 15, 0, 16, 0, 27, 0, 26, 0, 27, 0, 28, 0, 26, 0, 29, 0, 28, 0, 27, 0, 29, 0, 7, 0, 28, 0, 6, 0, 7, 0, 29, 0, 30, 0, 32, 0, 31, 0, 30, 0, 33, 0, 32, 0, 34, 0, 33, 0, 30, 0, 34, 0, 35, 0, 33, 0, 5, 0, 35, 0, 34, 0, 5, 0, 1, 0, 35, 0, 33, 0, 36, 0, 32, 0, 37, 0, 36, 0, 33, 0, 35, 0, 37, 0, 33, 0, 35, 0, 38, 0, 37, 0, 1, 0, 38, 0, 35, 0, 1, 0, 2, 0, 38, 0, 39, 0, 41, 0, 40, 0, 42, 0, 41, 0, 39, 0, 40, 0, 44, 0, 43, 0, 41, 0, 44, 0, 40, 0, 45, 0, 47, 0, 46, 0, 45, 0, 48, 0, 47, 0, 49, 0, 51, 0, 50, 0, 49, 0, 52, 0, 51, 0, 53, 0, 55, 0, 54, 0, 53, 0, 56, 0, 55, 0, 45, 0, 57, 0, 48, 0, 45, 0, 58, 0, 57, 0, 59, 0, 61, 0, 60, 0, 59, 0, 62, 0, 61, 0, 63, 0, 62, 0, 59, 0, 63, 0, 64, 0, 62, 0, 50, 0, 64, 0, 63, 0, 50, 0, 51, 0, 64, 0, 65, 0, 53, 0, 54, 0, 66, 0, 53, 0, 65, 0, 67, 0, 66, 0, 65, 0, 67, 0, 68, 0, 66, 0, 46, 0, 68, 0, 67, 0, 46, 0, 47, 0, 68, 0, 69, 0, 71, 0, 70, 0, 72, 0, 71, 0, 69, 0, 72, 0, 73, 0, 71, 0, 74, 0, 73, 0, 72, 0, 74, 0, 43, 0, 73, 0, 40, 0, 43, 0, 74, 0, 75, 0, 72, 0, 69, 0, 75, 0, 76, 0, 72, 0, 76, 0, 74, 0, 72, 0, 77, 0, 74, 0, 76, 0, 77, 0, 40, 0, 74, 0, 39, 0, 40, 0, 77, 0 ),
"blend_shape_data": [  ],
"format": 97751,
"index_count": 216,
"material": ExtResource( 1 ),
"primitive": 4,
"skeleton_aabb": [ AABB( 0, 0, 0, -1, -1, -1 ), AABB( 0, 0, 0, -1, -1, -1 ), AABB( 0, 0, 0, -1, -1, -1 ), AABB( 0, 0, 0, -1, -1, -1 ), AABB( 0, 0, 0, -1, -1, -1 ), AABB( 0, 0, 0, -1, -1, -1 ), AABB( 0, 0, 0, -1, -1, -1 ), AABB( 0, 0, 0, -1, -1, -1 ), AABB( 0, 0, 0, -1, -1, -1 ), AABB( 0, 0, 0, -1, -1, -1 ), AABB( 0, 0, 0, -1, -1, -1 ), AABB( 0, 0, 0, -1, -1, -1 ), AABB( -0.162368, 0.89949, 0.961234, 0.281113, 0.262681, 0.14257 ), AABB( 0, 0, 0, -1, -1, -1 ), AABB( 0.00903218, 1.0032, 1.02512, 0.0994494, 0.158971, 0.0946528 ), AABB( 0, 0, 0, -1, -1, -1 ), AABB( -0.152105, 1.0032, 1.02512, 0.0994494, 0.158961, 0.0946528 ) ],
"vertex_count": 78
}

[sub_resource type="ArrayMesh" id=4]
resource_name = "Head"
surfaces/0 = {
"aabb": AABB( -0.214604, 0.53543, 0.883522, 0.383396, 0.499563, 0.523564 ),
"array_data": PoolByteArray( 235, 67, 162, 61, 188, 207, 127, 63, 254, 245, 135, 63, 74, 102, 250, 0, 215, 22, 139, 127, 6, 52, 221, 56, 12, 0, 0, 0, 255, 255, 0, 0, 0, 0, 0, 0, 199, 215, 44, 62, 228, 211, 90, 63, 169, 51, 121, 63, 90, 24, 171, 0, 169, 0, 164, 127, 228, 51, 76, 57, 12, 0, 0, 0, 255, 255, 0, 0, 0, 0, 0, 0, 56, 165, 187, 188, 155, 225, 106, 63, 123, 46, 98, 63, 0, 45, 138, 0, 130, 245, 252, 127, 159, 53, 46, 57, 12, 0, 0, 0, 255, 255, 0, 0, 0, 0, 0, 0, 56, 165, 187, 188, 171, 122, 132, 63, 109, 120, 127, 63, 0, 100, 179, 0, 188, 192, 172, 127, 73, 52, 156, 56, 12, 0, 0, 0, 255, 255, 0, 0, 0, 0, 0, 0, 46, 221, 26, 62, 9, 55, 87, 63, 216, 120, 155, 63, 109, 4, 64, 0, 62, 25, 149, 127, 143, 50, 91, 57, 12, 0, 0, 0, 255, 255, 0, 0, 0, 0, 0, 0, 62, 147, 158, 61, 163, 104, 117, 63, 163, 117, 154, 63, 72, 83, 62, 0, 45, 42, 146, 127, 247, 50, 199, 56, 12, 0, 0, 0, 255, 255, 0, 0, 0, 0, 0, 0, 56, 165, 187, 188, 49, 174, 23, 63, 15, 118, 148, 63, 0, 142, 202, 0, 13, 54, 142, 127, 218, 50, 111, 58, 12, 0, 0, 0, 255, 255, 0, 0, 0, 0, 0, 0, 56, 165, 187, 188, 229, 237, 41, 63, 210, 18, 112, 63, 0, 202, 142, 0, 204, 104, 206, 127, 143, 53, 90, 58, 12, 0, 0, 0, 255, 255, 0, 0, 0, 0, 0, 0, 50, 148, 128, 61, 151, 125, 48, 63, 28, 146, 129, 63, 92, 178, 220, 0, 225, 19, 135, 127, 76, 52, 237, 57, 12, 0, 0, 0, 255, 255, 0, 0, 0, 0, 0, 0, 112, 50, 166, 61, 206, 144, 41, 63, 46, 220, 147, 63, 99, 181, 232, 0, 244, 24, 132, 127, 16, 50, 243, 57, 12, 0, 0, 0, 255, 255, 0, 0, 0, 0, 0, 0, 202, 80, 171, 61, 46, 162, 24, 63, 197, 28, 161, 63, 87, 181, 52, 0, 77, 21, 159, 127, 116, 48, 26, 58, 12, 0, 0, 0, 255, 255, 0, 0, 0, 0, 0, 0, 56, 165, 187, 188, 243, 17, 9, 63, 170, 34, 164, 63, 0, 181, 101, 0, 123, 23, 17, 127, 253, 46, 35, 58, 12, 0, 0, 0, 255, 255, 0, 0, 0, 0, 0, 0, 56, 165, 187, 188, 192, 171, 119, 63, 205, 57, 157, 63, 0, 67, 107, 0, 59, 94, 197, 127, 103, 49, 138, 56, 12, 0, 0, 0, 255, 255, 0, 0, 0, 0, 0, 0, 56, 165, 187, 188, 1, 66, 89, 63, 58, 234, 162, 63, 0, 62, 110, 0, 118, 39, 234, 127, 146, 48, 47, 57, 12, 0, 0, 0, 255, 255, 0, 0, 0, 0, 0, 0, 58, 8, 244, 61, 17, 71, 60, 63, 184, 99, 164, 63, 109, 3, 64, 0, 63, 17, 148, 127, 80, 48, 147, 57, 12, 0, 0, 0, 255, 255, 0, 0, 0, 0, 0, 0, 56, 165, 187, 188, 244, 129, 64, 63, 98, 27, 180, 63, 0, 226, 123, 0, 122, 224, 248, 127, 247, 45, 163, 57, 12, 0, 0, 0, 255, 255, 0, 0, 0, 0, 0, 0, 56, 165, 187, 188, 155, 225, 106, 63, 123, 46, 98, 63, 0, 45, 138, 0, 126, 245, 252, 129, 159, 53, 46, 57, 12, 0, 0, 0, 255, 255, 0, 0, 0, 0, 0, 0, 21, 193, 91, 190, 228, 211, 90, 63, 169, 51, 121, 63, 166, 24, 171, 0, 87, 0, 164, 129, 228, 51, 76, 57, 12, 0, 0, 0, 255, 255, 0, 0, 0, 0, 0, 0, 68, 11, 0, 190, 188, 207, 127, 63, 254, 245, 135, 63, 182, 102, 250, 0, 41, 22, 139, 129, 6, 52, 221, 56, 12, 0, 0, 0, 255, 255, 0, 0, 0, 0, 0, 0, 56, 165, 187, 188, 171, 122, 132, 63, 109, 120, 127, 63, 0, 100, 179, 0, 68, 192, 172, 129, 73, 52, 156, 56, 12, 0, 0, 0, 255, 255, 0, 0, 0, 0, 0, 0, 124, 198, 73, 190, 9, 55, 87, 63, 216, 120, 155, 63, 147, 4, 64, 0, 194, 25, 149, 129, 143, 50, 91, 57, 12, 0, 0, 0, 255, 255, 0, 0, 0, 0, 0, 0, 218, 101, 252, 189, 163, 104, 117, 63, 163, 117, 154, 63, 184, 83, 62, 0, 211, 42, 146, 129, 247, 50, 199, 56, 12, 0, 0, 0, 255, 255, 0, 0, 0, 0, 0, 0, 206, 102, 222, 189, 151, 125, 48, 63, 28, 146, 129, 63, 164, 178, 220, 0, 31, 19, 135, 129, 76, 52, 237, 57, 12, 0, 0, 0, 255, 255, 0, 0, 0, 0, 0, 0, 56, 165, 187, 188, 229, 237, 41, 63, 210, 18, 112, 63, 0, 202, 142, 0, 52, 104, 206, 129, 143, 53, 90, 58, 12, 0, 0, 0, 255, 255, 0, 0, 0, 0, 0, 0, 56, 165, 187, 188, 49, 174, 23, 63, 15, 118, 148, 63, 0, 142, 202, 0, 243, 54, 142, 129, 218, 50, 111, 58, 12, 0, 0, 0, 255, 255, 0, 0, 0, 0, 0, 0, 134, 2, 2, 190, 206, 144, 41, 63, 46, 220, 147, 63, 157, 181, 232, 0, 12, 24, 132, 129, 16, 50, 243, 57, 12, 0, 0, 0, 255, 255, 0, 0, 0, 0, 0, 0, 56, 165, 187, 188, 243, 17, 9, 63, 170, 34, 164, 63, 0, 181, 101, 0, 133, 23, 17, 129, 253, 46, 35, 58, 12, 0, 0, 0, 255, 255, 0, 0, 0, 0, 0, 0, 179, 145, 4, 190, 46, 162, 24, 63, 197, 28, 161, 63, 169, 181, 52, 0, 179, 21, 159, 129, 116, 48, 26, 58, 12, 0, 0, 0, 255, 255, 0, 0, 0, 0, 0, 0, 56, 165, 187, 188, 192, 171, 119, 63, 205, 57, 157, 63, 0, 67, 107, 0, 197, 94, 197, 129, 103, 49, 138, 56, 12, 0, 0, 0, 255, 255, 0, 0, 0, 0, 0, 0, 56, 165, 187, 188, 1, 66, 89, 63, 58, 234, 162, 63, 0, 62, 110, 0, 138, 39, 234, 129, 146, 48, 47, 57, 12, 0, 0, 0, 255, 255, 0, 0, 0, 0, 0, 0, 107, 237, 40, 190, 17, 71, 60, 63, 184, 99, 164, 63, 147, 3, 64, 0, 193, 17, 148, 129, 80, 48, 147, 57, 12, 0, 0, 0, 255, 255, 0, 0, 0, 0, 0, 0, 56, 165, 187, 188, 244, 129, 64, 63, 98, 27, 180, 63, 0, 226, 123, 0, 134, 224, 248, 129, 247, 45, 163, 57, 12, 0, 0, 0, 255, 255, 0, 0, 0, 0, 0, 0 ),
"array_index_data": PoolByteArray( 0, 0, 2, 0, 1, 0, 0, 0, 3, 0, 2, 0, 4, 0, 0, 0, 1, 0, 5, 0, 0, 0, 4, 0, 6, 0, 8, 0, 7, 0, 9, 0, 8, 0, 6, 0, 10, 0, 6, 0, 11, 0, 10, 0, 9, 0, 6, 0, 9, 0, 1, 0, 8, 0, 4, 0, 1, 0, 9, 0, 8, 0, 2, 0, 7, 0, 1, 0, 2, 0, 8, 0, 5, 0, 3, 0, 0, 0, 5, 0, 12, 0, 3, 0, 13, 0, 5, 0, 4, 0, 12, 0, 5, 0, 13, 0, 4, 0, 14, 0, 13, 0, 15, 0, 10, 0, 11, 0, 15, 0, 14, 0, 10, 0, 13, 0, 14, 0, 15, 0, 14, 0, 9, 0, 10, 0, 14, 0, 4, 0, 9, 0, 16, 0, 18, 0, 17, 0, 19, 0, 18, 0, 16, 0, 18, 0, 20, 0, 17, 0, 18, 0, 21, 0, 20, 0, 22, 0, 24, 0, 23, 0, 22, 0, 25, 0, 24, 0, 24, 0, 27, 0, 26, 0, 25, 0, 27, 0, 24, 0, 17, 0, 25, 0, 22, 0, 17, 0, 20, 0, 25, 0, 16, 0, 22, 0, 23, 0, 16, 0, 17, 0, 22, 0, 19, 0, 21, 0, 18, 0, 28, 0, 21, 0, 19, 0, 21, 0, 29, 0, 20, 0, 21, 0, 28, 0, 29, 0, 20, 0, 29, 0, 30, 0, 27, 0, 31, 0, 26, 0, 30, 0, 31, 0, 27, 0, 29, 0, 31, 0, 30, 0, 25, 0, 30, 0, 27, 0, 20, 0, 30, 0, 25, 0 ),
"blend_shape_data": [  ],
"format": 97751,
"index_count": 132,
"material": ExtResource( 1 ),
"primitive": 4,
"skeleton_aabb": [ AABB( 0, 0, 0, -1, -1, -1 ), AABB( 0, 0, 0, -1, -1, -1 ), AABB( 0, 0, 0, -1, -1, -1 ), AABB( 0, 0, 0, -1, -1, -1 ), AABB( 0, 0, 0, -1, -1, -1 ), AABB( 0, 0, 0, -1, -1, -1 ), AABB( 0, 0, 0, -1, -1, -1 ), AABB( 0, 0, 0, -1, -1, -1 ), AABB( 0, 0, 0, -1, -1, -1 ), AABB( 0, 0, 0, -1, -1, -1 ), AABB( 0, 0, 0, -1, -1, -1 ), AABB( 0, 0, 0, -1, -1, -1 ), AABB( -0.214604, 0.53543, 0.883522, 0.383396, 0.499563, 0.523564 ) ],
"vertex_count": 32
}

[sub_resource type="ArrayMesh" id=5]
resource_name = "LegF1"
surfaces/0 = {
"aabb": AABB( -0.625, 0.331717, 0.411131, 1.20404, 0.291385, 0.295038 ),
